0 0.8224151539068666 0.25638297872340426 0.0031570639305445935 0.006382978723404255
0 0.7119179163378059 0.300531914893617 0.0031570639305445935 0.005319148936170213
0 0.6831097079715864 0.32978723404255317 0.0023677979479084454 0.00425531914893617
0 0.8026835043409629 0.34361702127659577 0.0031570639305445935 0.00425531914893617
0 0.5990528808208366 0.38085106382978723 0.0031570639305445935 0.006382978723404255
0 0.5323599052880821 0.39787234042553193 0.003946329913180742 0.006382978723404255
0 0.42738752959747434 0.4542553191489362 0.0023677979479084454 0.00425531914893617
0 0.43962115232833465 0.526595744680851 0.0031570639305445935 0.00425531914893617
0 0.414759273875296 0.6047872340425532 0.0023677979479084454 0.0031914893617021275
0 0.2537490134175217 0.6409574468085106 0.0023677979479084454 0.0031914893617021275
0 0.5343330702446725 0.7 0.0031570639305445935 0.00425531914893617
0 0.6345698500394633 0.7244680851063829 0.0031570639305445935 0.00425531914893617
0 0.2265193370165746 0.7441489361702127 0.0031570639305445935 0.0031914893617021275
0 0.21941594317284924 0.9324468085106383 0.0031570639305445935 0.0031914893617021275