0 0.4858156028368794 0.16243386243386243 0.003940110323089046 0.005291005291005291
0 0.875886524822695 0.2164021164021164 0.003940110323089046 0.005291005291005291
0 0.8479117415287628 0.23756613756613756 0.0031520882584712374 0.005291005291005291
0 0.5098502758077226 0.2873015873015873 0.004728132387706856 0.005291005291005291
0 0.7856579984239559 0.4216931216931217 0.0031520882584712374 0.005291005291005291
0 0.4925137903861308 0.4328042328042328 0.0031520882584712374 0.006349206349206349
0 0.6619385342789598 0.45555555555555555 0.0031520882584712374 0.005291005291005291
0 0.6095350669818755 0.5195767195767196 0.003940110323089046 0.006349206349206349
0 0.512214342001576 0.6772486772486772 0.0031520882584712374 0.004232804232804233
0 0.5748620961386919 0.7222222222222222 0.003940110323089046 0.007407407407407408
0 0.6682427107959023 0.7560846560846561 0.0031520882584712374 0.0031746031746031746
0 0.6993695823483057 0.7915343915343915 0.003940110323089046 0.004232804232804233
0 0.7202521670606777 0.9809523809523809 0.0031520882584712374 0.004232804232804233