0 0.059495665878644605 0.10582010582010581 0.002364066193853428 0.004232804232804233
0 0.37037037037037035 0.13544973544973546 0.0031520882584712374 0.004232804232804233
0 0.014184397163120567 0.2566137566137566 0.0031520882584712374 0.0031746031746031746
0 0.4850275807722616 0.3322751322751323 0.002364066193853428 0.004232804232804233
0 0.10835303388494878 0.3417989417989418 0.002364066193853428 0.004232804232804233
0 0.3731284475965327 0.35714285714285715 0.003940110323089046 0.005291005291005291
0 0.2360126083530339 0.3952380952380952 0.003940110323089046 0.005291005291005291
0 0.5831363278171788 0.40370370370370373 0.0031520882584712374 0.005291005291005291
0 0.13396375098502758 0.42275132275132277 0.0031520882584712374 0.005291005291005291
0 0.6083530338849488 0.4264550264550265 0.0031520882584712374 0.004232804232804233
0 0.028368794326241134 0.455026455026455 0.0031520882584712374 0.004232804232804233
0 0.48699763593380613 0.4687830687830688 0.004728132387706856 0.004232804232804233