0 0.7777777777777778 0.3972457627118644 0.004728132387706856 0.006355932203389831
0 0.7691095350669819 0.4126059322033898 0.006304176516942475 0.007415254237288136
0 0.7612293144208038 0.4406779661016949 0.006304176516942475 0.00423728813559322
0 0.7348305752561072 0.4872881355932203 0.003940110323089046 0.006355932203389831
0 0.6780929866036249 0.5534957627118644 0.003940110323089046 0.009533898305084746
0 0.5133963750985028 0.7526483050847458 0.003940110323089046 0.007415254237288136
0 0.49684791174152876 0.7764830508474576 0.003940110323089046 0.00847457627118644
0 0.4440504334121355 0.8411016949152542 0.0070921985815602835 0.00847457627118644
0 0.49605988967691095 0.871292372881356 0.003940110323089046 0.005296610169491525
0 0.40543735224586286 0.885593220338983 0.005516154452324665 0.00847457627118644
0 0.3317572892040977 0.9835805084745762 0.006304176516942475 0.007415254237288136