0 0.8998422712933754 0.15625 0.0031545741324921135 0.005296610169491525
0 0.4637223974763407 0.019597457627118644 0.00473186119873817 0.005296610169491525
0 0.7196372239747634 0.194385593220339 0.003943217665615142 0.005296610169491525
0 0.7933753943217665 0.20815677966101695 0.0031545741324921135 0.005296610169491525
0 0.6608832807570978 0.22033898305084745 0.0031545741324921135 0.00423728813559322
0 0.06545741324921135 0.25 0.0031545741324921135 0.00423728813559322
0 0.8115141955835962 0.2690677966101695 0.0031545741324921135 0.00423728813559322
0 0.3998422712933754 0.2823093220338983 0.0031545741324921135 0.005296610169491525
0 0.5090694006309149 0.029661016949152543 0.003943217665615142 0.006355932203389831
0 0.7866719242902208 0.3554025423728814 0.003943217665615142 0.005296610169491525
0 0.02050473186119874 0.3824152542372881 0.0015772870662460567 0.00423728813559322
0 0.6502365930599369 0.3935381355932203 0.003943217665615142 0.005296610169491525
0 0.3166403785488959 0.4115466101694915 0.003943217665615142 0.005296610169491525
0 0.3828864353312303 0.4369703389830508 0.003943217665615142 0.005296610169491525
0 0.3824921135646688 0.4629237288135593 0.00473186119873817 0.006355932203389831
0 0.04613564668769716 0.541843220338983 0.003943217665615142 0.005296610169491525