0 0.12964426877470356 0.1541313559322034 0.0031620553359683794 0.005296610169491525
0 0.050988142292490116 0.2044491525423729 0.003952569169960474 0.00423728813559322
0 0.6545454545454545 0.2346398305084746 0.0047430830039525695 0.005296610169491525
0 0.33992094861660077 0.24364406779661016 0.0031620553359683794 0.00423728813559322
0 0.2075098814229249 0.2537076271186441 0.003952569169960474 0.005296610169491525
0 0.8162055335968379 0.2542372881355932 0.0023715415019762848 0.00423728813559322
0 0.8071146245059289 0.2706567796610169 0.0031620553359683794 0.005296610169491525
0 0.6379446640316205 0.2738347457627119 0.0047430830039525695 0.005296610169491525
0 0.8766798418972332 0.4157838983050847 0.0031620553359683794 0.005296610169491525
0 0.666798418972332 0.5572033898305084 0.003952569169960474 0.00423728813559322
0 0.4462450592885375 0.0614406779661017 0.003952569169960474 0.00423728813559322
0 0.5675889328063242 0.6938559322033898 0.0031620553359683794 0.00423728813559322
0 0.5509881422924902 0.7235169491525424 0.0031620553359683794 0.00423728813559322
0 0.4762845849802372 0.7552966101694916 0.003952569169960474 0.00423728813559322
0 0.47312252964426876 0.7717161016949152 0.003952569169960474 0.005296610169491525