0 0.7581284694686756 0.4453290870488323 0.0031720856463124504 0.005307855626326964
0 0.5202220459952419 0.46602972399150744 0.0031720856463124504 0.004246284501061571
0 0.4032513877874703 0.4968152866242038 0.003965107057890563 0.006369426751592357
0 0.5229976209357653 0.535031847133758 0.0023790642347343376 0.004246284501061571
0 0.3612212529738303 0.5360934182590233 0.0023790642347343376 0.004246284501061571
0 0.2668517049960349 0.5467091295116773 0.0023790642347343376 0.004246284501061571
0 0.7775574940523394 0.5690021231422505 0.003965107057890563 0.004246284501061571
0 0.6019032513877874 0.638004246284501 0.0031720856463124504 0.004246284501061571
0 0.27835051546391754 0.6772823779193206 0.0031720856463124504 0.004246284501061571
0 0.183187946074544 0.685244161358811 0.0031720856463124504 0.005307855626326964
0 0.24544012688342584 0.8232484076433121 0.0023790642347343376 0.005307855626326964
0 0.34099920697858843 0.8365180467091295 0.0031720856463124504 0.004246284501061571
0 0.5796986518636004 0.8604033970276008 0.0031720856463124504 0.005307855626326964
0 0.2977795400475813 0.8938428874734607 0.0023790642347343376 0.004246284501061571
0 0.2898493259318002 0.9564755838641189 0.003965107057890563 0.004246284501061571