0 0.9263779527559055 0.6606574761399788 0.002362204724409449 0.0042417815482502655
0 0.9165354330708662 0.7301166489925769 0.0031496062992125984 0.003181336161187699
0 0.8744094488188976 0.8191940615058324 0.003937007874015748 0.005302226935312832
0 0.7988188976377952 0.8377518557794273 0.002362204724409449 0.0042417815482502655
0 0.7295275590551181 0.865323435843054 0.002362204724409449 0.0042417815482502655
0 0.6885826771653544 0.8849416755037116 0.003937007874015748 0.005302226935312832
0 0.5476377952755905 0.9305408271474019 0.003937007874015748 0.005302226935312832
0 0.7255905511811024 0.9432661717921527 0.003937007874015748 0.005302226935312832
0 0.6259842519685039 0.9443266171792153 0.0031496062992125984 0.003181336161187699
0 0.4732283464566929 0.9628844114528102 0.004724409448818898 0.006362672322375398
0 0.14173228346456693 0.9740190880169671 0.006299212598425197 0.009544008483563097