0 0.20876085240726125 0.4957582184517497 0.007103393843725336 0.007423117709437964
0 0.8725335438042621 0.6007423117709438 0.007103393843725336 0.009544008483563097
0 0.888318863456985 0.6039236479321315 0.007103393843725336 0.009544008483563097
0 0.8575374901341752 0.7439024390243902 0.0055248618784530384 0.009544008483563097
0 0.739542225730071 0.8011664899257688 0.007892659826361484 0.009544008483563097
0 0.6985003946329913 0.8409331919406151 0.004735595895816891 0.010604453870625663
0 0.7541436464088398 0.8462354188759279 0.007103393843725336 0.008483563096500531
0 0.8666140489344909 0.8642629904559915 0.004735595895816891 0.010604453870625663
0 0.8109707971586425 0.876458112407211 0.0055248618784530384 0.007423117709437964
0 0.6996842936069455 0.9188759278897137 0.0055248618784530384 0.009544008483563097
0 0.7541436464088398 0.9337221633085896 0.003946329913180742 0.009544008483563097