0 0.526440410418311 0.28617021276595744 0.0031570639305445935 0.00425531914893617
0 0.6298342541436464 0.3202127659574468 0.0031570639305445935 0.00425531914893617
0 0.65982636148382 0.3303191489361702 0.0031570639305445935 0.0031914893617021275
0 0.7419100236779794 0.38457446808510637 0.0031570639305445935 0.005319148936170213
0 0.9617205998421468 0.4175531914893617 0.0023677979479084454 0.0031914893617021275
0 0.6183898973954223 0.42021276595744683 0.003946329913180742 0.00425531914893617
0 0.6002367797947908 0.44840425531914896 0.0023677979479084454 0.0031914893617021275
0 0.9451460142067877 0.4574468085106383 0.0023677979479084454 0.00425531914893617
0 0.8914759273875296 0.4632978723404255 0.0023677979479084454 0.0031914893617021275
0 0.5268350434096291 0.47074468085106386 0.0023677979479084454 0.0031914893617021275
0 0.5339384372533543 0.6547872340425532 0.0023677979479084454 0.0031914893617021275
0 0.494475138121547 0.7047872340425532 0.0023677979479084454 0.0031914893617021275
0 0.5872138910812944 0.7638297872340426 0.0031570639305445935 0.00425531914893617
0 0.6874506708760852 0.7792553191489362 0.0031570639305445935 0.0031914893617021275
0 0.3666140489344909 0.8909574468085106 0.0023677979479084454 0.0031914893617021275