0 0.14944794952681387 0.20243128964059195 0.002365930599369085 0.003171247357293869
0 0.1029179810725552 0.25158562367864695 0.002365930599369085 0.004228329809725159
0 0.3840694006309148 0.2949260042283298 0.0031545741324921135 0.004228329809725159
0 0.47673501577287064 0.3715644820295983 0.002365930599369085 0.003171247357293869
0 0.5283911671924291 0.4011627906976744 0.0031545741324921135 0.003171247357293869
0 0.08675078864353312 0.4069767441860465 0.0015772870662460567 0.0021141649048625794
0 0.5189274447949527 0.5005285412262156 0.0031545741324921135 0.003171247357293869
0 0.47870662460567825 0.5095137420718816 0.0031545741324921135 0.004228329809725159
0 0.5216876971608833 0.5179704016913319 0.002365930599369085 0.004228329809725159
0 0.334384858044164 0.5813953488372093 0.0031545741324921135 0.004228329809725159
0 0.4246845425867508 0.6501057082452432 0.002365930599369085 0.004228329809725159
0 0.2192429022082019 0.6686046511627907 0.0031545741324921135 0.003171247357293869
0 0.14511041009463724 0.7108879492600423 0.0031545741324921135 0.005285412262156448