0 0.8964566929133858 0.792152704135737 0.003937007874015748 0.006362672322375398
0 0.8657480314960629 0.8229056203605515 0.002362204724409449 0.0042417815482502655
0 0.9905511811023622 0.83881230116649 0.004724409448818898 0.006362672322375398
0 0.19094488188976377 0.8610816542948038 0.002362204724409449 0.0042417815482502655
0 0.7728346456692914 0.88016967126193 0.003937007874015748 0.006362672322375398
0 0.4582677165354331 0.9040296924708378 0.0031496062992125984 0.005302226935312832
0 0.6570866141732283 0.9050901378579003 0.005511811023622047 0.007423117709437964
0 0.15078740157480314 0.9241781548250265 0.003937007874015748 0.005302226935312832
0 0.5586614173228347 0.9257688229056203 0.003937007874015748 0.006362672322375398
0 0.2929133858267717 0.9342523860021209 0.0031496062992125984 0.0042417815482502655
0 0.262992125984252 0.953340402969247 0.0031496062992125984 0.0042417815482502655
0 0.5901574803149606 0.9602332979851538 0.003937007874015748 0.005302226935312832
0 0.12480314960629921 0.9846235418875928 0.003937007874015748 0.005302226935312832