0 0.5920948616600791 0.2616525423728814 0.0031620553359683794 0.00423728813559322
0 0.7454545454545455 0.2971398305084746 0.0031620553359683794 0.005296610169491525
0 0.5490118577075099 0.3119703389830508 0.0023715415019762848 0.0031779661016949155
0 0.4849802371541502 0.3580508474576271 0.003952569169960474 0.00423728813559322
0 0.29604743083003954 0.3654661016949153 0.0023715415019762848 0.00423728813559322
0 0.6549407114624506 0.4051906779661017 0.003952569169960474 0.005296610169491525
0 0.5363636363636364 0.4216101694915254 0.0023715415019762848 0.00423728813559322
0 0.5573122529644269 0.4698093220338983 0.0031620553359683794 0.0031779661016949155
0 0.433201581027668 0.5296610169491526 0.0031620553359683794 0.00423728813559322
0 0.36363636363636365 0.607521186440678 0.0031620553359683794 0.0031779661016949155
0 0.1391304347826087 0.6080508474576272 0.0031620553359683794 0.00211864406779661
0 0.1715415019762846 0.6340042372881356 0.0031620553359683794 0.0031779661016949155
0 0.10434782608695652 0.6435381355932204 0.0031620553359683794 0.0031779661016949155