0 0.5315706393054459 0.021208907741251327 0.0023677979479084454 0.0042417815482502655
0 0.5524861878453039 0.44644750795334043 0.0015785319652722968 0.0021208907741251328
0 0.46685082872928174 0.47295864262990456 0.0023677979479084454 0.0042417815482502655
0 0.4068666140489345 0.5206786850477201 0.0023677979479084454 0.0042417815482502655
0 0.5382794001578532 0.5970307529162248 0.0031570639305445935 0.0021208907741251328
0 0.44554064719810577 0.6580063626723224 0.0023677979479084454 0.003181336161187699
0 0.47829518547750594 0.6606574761399788 0.0031570639305445935 0.0042417815482502655
0 0.6160220994475138 0.6765641569459173 0.0023677979479084454 0.0042417815482502655
0 0.5098658247829518 0.6850477200424178 0.0031570639305445935 0.0042417815482502655
0 0.2916337805840568 0.717391304347826 0.0023677979479084454 0.003181336161187699
0 0.5122336227308603 0.7274655355249204 0.0031570639305445935 0.0042417815482502655
0 0.5844514601420678 0.7439024390243902 0.0023677979479084454 0.003181336161187699
0 0.12430939226519337 0.7693531283138918 0.0023677979479084454 0.005302226935312832
0 0.08602999210734018 0.778897136797455 0.0031570639305445935 0.005302226935312832