0 0.8700787401574803 0.24285714285714285 0.0031496062992125984 0.0031746031746031746
0 0.8574803149606299 0.26666666666666666 0.0031496062992125984 0.004232804232804233
0 0.889763779527559 0.2984126984126984 0.004724409448818898 0.006349206349206349
0 0.7937007874015748 0.3417989417989418 0.004724409448818898 0.006349206349206349
0 0.7078740157480315 0.3904761904761905 0.0031496062992125984 0.004232804232804233
0 0.6696850393700787 0.4132275132275132 0.003937007874015748 0.005291005291005291
0 0.6562992125984252 0.5047619047619047 0.003937007874015748 0.004232804232804233
0 0.6106299212598425 0.5433862433862434 0.003937007874015748 0.0031746031746031746
0 0.5602362204724409 0.6608465608465608 0.002362204724409449 0.0031746031746031746
0 0.5763779527559055 0.8105820105820106 0.0031496062992125984 0.004232804232804233
0 0.5244094488188976 0.9132275132275133 0.0031496062992125984 0.004232804232804233
0 0.5251968503937008 0.9492063492063492 0.0031496062992125984 0.004232804232804233