0 0.524822695035461 0.23223753976670203 0.0031520882584712374 0.0042417815482502655
0 0.3416075650118203 0.40827147401908803 0.005516154452324665 0.006362672322375398
0 0.3321513002364066 0.41728525980911985 0.003940110323089046 0.003181336161187699
0 0.710795902285264 0.5174973488865323 0.006304176516942475 0.006362672322375398
0 0.491725768321513 0.5980911983032874 0.0031520882584712374 0.0042417815482502655
0 0.21631205673758866 0.7030752916224814 0.003940110323089046 0.0042417815482502655
0 0.4148936170212766 0.7089077412513256 0.005516154452324665 0.005302226935312832
0 0.3900709219858156 0.8213149522799575 0.0031520882584712374 0.005302226935312832
0 0.25177304964539005 0.9050901378579003 0.003940110323089046 0.005302226935312832
0 0.2691095350669819 0.9188759278897137 0.003940110323089046 0.003181336161187699
0 0.2785657998423956 0.9262990455991517 0.002364066193853428 0.003181336161187699
0 0.2568951930654058 0.9544008483563097 0.0031520882584712374 0.0042417815482502655
0 0.7265563435776202 0.09915164369034994 0.0031520882584712374 0.003181336161187699