0 0.3280757097791798 0.3165961945031712 0.0031545741324921135 0.003171247357293869
0 0.38091482649842273 0.321353065539112 0.0031545741324921135 0.004228329809725159
0 0.39865930599369087 0.3488372093023256 0.003943217665615142 0.004228329809725159
0 0.45347003154574134 0.3609936575052854 0.0031545741324921135 0.005285412262156448
0 0.48264984227129337 0.3985200845665962 0.0031545741324921135 0.004228329809725159
0 0.5070977917981072 0.47463002114164904 0.0031545741324921135 0.004228329809725159
0 0.526813880126183 0.4952431289640592 0.00473186119873817 0.005285412262156448
0 0.21766561514195584 0.5137420718816068 0.0031545741324921135 0.004228329809725159
0 0.4223186119873817 0.5406976744186046 0.003943217665615142 0.005285412262156448
0 0.0694006309148265 0.5977801268498943 0.00473186119873817 0.005285412262156448
0 0.05402208201892744 0.6617336152219874 0.002365930599369085 0.004228329809725159
0 0.3955047318611987 0.08403805496828752 0.002365930599369085 0.003171247357293869
0 0.3615930599369085 0.10200845665961945 0.002365930599369085 0.003171247357293869