0 0.38130914826498424 0.10963983050847458 0.003943217665615142 0.005296610169491525
0 0.4877760252365931 0.11917372881355932 0.002365930599369085 0.005296610169491525
0 0.6959779179810726 0.15254237288135594 0.002365930599369085 0.00423728813559322
0 0.511435331230284 0.2166313559322034 0.002365930599369085 0.0031779661016949155
0 0.4416403785488959 0.2319915254237288 0.0031545741324921135 0.00423728813559322
0 0.6009463722397477 0.2711864406779661 0.0031545741324921135 0.00423728813559322
0 0.5232649842271293 0.2748940677966102 0.002365930599369085 0.0031779661016949155
0 0.7145110410094637 0.2870762711864407 0.0031545741324921135 0.00423728813559322
0 0.5299684542586751 0.3342161016949153 0.0015772870662460567 0.0031779661016949155
0 0.5212933753943217 0.3379237288135593 0.0031545741324921135 0.00423728813559322
0 0.6482649842271293 0.3384533898305085 0.0031545741324921135 0.005296610169491525
0 0.5070977917981072 0.3411016949152542 0.00473186119873817 0.006355932203389831
0 0.48698738170347006 0.3458686440677966 0.002365930599369085 0.0031779661016949155
0 0.6048895899053628 0.3501059322033898 0.0031545741324921135 0.005296610169491525
0 0.8375394321766562 0.510593220338983 0.0031545741324921135 0.00423728813559322
0 0.6553627760252366 0.05349576271186441 0.0031545741324921135 0.005296610169491525
0 0.3998422712933754 0.059322033898305086 0.0031545741324921135 0.006355932203389831