0 0.7347343378271214 0.34129511677282376 0.0023790642347343376 0.0031847133757961785
0 0.7458366375892149 0.34129511677282376 0.0023790642347343376 0.0031847133757961785
0 0.7870737509912767 0.45116772823779194 0.0023790642347343376 0.004246284501061571
0 0.760904044409199 0.46443736730360935 0.0023790642347343376 0.0031847133757961785
0 0.795796986518636 0.5164543524416136 0.0023790642347343376 0.0031847133757961785
0 0.7141157811260904 0.5509554140127388 0.0023790642347343376 0.0021231422505307855
0 0.37509912767644726 0.5918259023354565 0.0015860428231562252 0.0031847133757961785
0 0.7854877081681205 0.5987261146496815 0.0023790642347343376 0.004246284501061571
0 0.8513084853291039 0.6268577494692145 0.0023790642347343376 0.0031847133757961785
0 0.7977795400475813 0.6571125265392781 0.0031720856463124504 0.004246284501061571
0 0.40800951625693893 0.7043524416135881 0.0023790642347343376 0.0031847133757961785
0 0.6570182394924663 0.8105095541401274 0.0023790642347343376 0.0031847133757961785
0 0.39611419508326723 0.8455414012738853 0.0023790642347343376 0.0031847133757961785
0 0.6007137192704203 0.8826963906581741 0.0023790642347343376 0.0031847133757961785
0 0.5693893735130848 0.8943736730360934 0.0031720856463124504 0.0031847133757961785
0 0.4349722442505948 0.9729299363057324 0.0023790642347343376 0.0031847133757961785
0 0.3992862807295797 0.9803609341825902 0.0023790642347343376 0.0031847133757961785