0 0.7142857142857143 0.48886532343584305 0.0031570639305445935 0.0042417815482502655
0 0.7355958958168903 0.5121951219512195 0.0031570639305445935 0.0042417815482502655
0 0.6846882399368587 0.5795334040296924 0.0023677979479084454 0.003181336161187699
0 0.7024467245461721 0.5874867444326617 0.0031570639305445935 0.0042417815482502655
0 0.5611681136543015 0.6018027571580064 0.0031570639305445935 0.005302226935312832
0 0.7032359905288083 0.6129374337221634 0.0031570639305445935 0.0042417815482502655
0 0.702052091554854 0.6633085896076352 0.003946329913180742 0.005302226935312832
0 0.5516969218626677 0.8393425238600212 0.0015785319652722968 0.003181336161187699
0 0.5990528808208366 0.865323435843054 0.0031570639305445935 0.0042417815482502655
0 0.5146014206787688 0.9045599151643691 0.0031570639305445935 0.0042417815482502655
0 0.4968429360694554 0.9300106044538706 0.0023677979479084454 0.0042417815482502655
0 0.48697711128650356 0.9644750795334041 0.0031570639305445935 0.005302226935312832