0 0.9629629629629629 0.12063492063492064 0.0031520882584712374 0.004232804232804233
0 0.8037825059101655 0.16137566137566137 0.0031520882584712374 0.005291005291005291
0 0.8806146572104019 0.173015873015873 0.003940110323089046 0.005291005291005291
0 0.9018912529550828 0.31164021164021166 0.003940110323089046 0.005291005291005291
0 0.39164696611505123 0.33121693121693124 0.004728132387706856 0.006349206349206349
0 0.14854215918045705 0.344973544973545 0.003940110323089046 0.006349206349206349
0 0.07998423955870765 0.34973544973544973 0.003940110323089046 0.005291005291005291
0 0.5788022064617809 0.4417989417989418 0.003940110323089046 0.005291005291005291
0 0.05831363278171789 0.4603174603174603 0.0031520882584712374 0.004232804232804233
0 0.43498817966903075 0.08095238095238096 0.0031520882584712374 0.005291005291005291
0 0.6477541371158393 0.10211640211640212 0.0031520882584712374 0.005291005291005291