0 0.4234411996842936 0.45159574468085106 0.003946329913180742 0.005319148936170213
0 0.38476716653512233 0.48723404255319147 0.003946329913180742 0.006382978723404255
0 0.3255722178374112 0.5398936170212766 0.003946329913180742 0.005319148936170213
0 0.7797947908445146 0.5638297872340425 0.0031570639305445935 0.00425531914893617
0 0.7900552486187845 0.6281914893617021 0.0015785319652722968 0.0031914893617021275
0 0.8105761641673244 0.07127659574468086 0.0031570639305445935 0.00425531914893617
0 0.06787687450670876 0.7696808510638298 0.004735595895816891 0.005319148936170213
0 0.7640094711917916 0.7760638297872341 0.0015785319652722968 0.0031914893617021275
0 0.2813733228097869 0.8164893617021277 0.0023677979479084454 0.0031914893617021275
0 0.8228097868981847 0.10053191489361703 0.0023677979479084454 0.005319148936170213
0 0.7221783741120757 0.10319148936170212 0.0031570639305445935 0.00425531914893617