0 0.7596532702915682 0.5667372881355932 0.004728132387706856 0.006355932203389831
0 0.7706855791962175 0.596927966101695 0.006304176516942475 0.005296610169491525
0 0.6390858944050434 0.6636652542372882 0.004728132387706856 0.005296610169491525
0 0.5756501182033097 0.6774364406779662 0.003940110323089046 0.005296610169491525
0 0.4448384554767533 0.721927966101695 0.003940110323089046 0.005296610169491525
0 0.3735224586288416 0.7457627118644068 0.004728132387706856 0.00423728813559322
0 0.3309692671394799 0.7600635593220338 0.006304176516942475 0.005296610169491525
0 0.28092986603624903 0.7733050847457628 0.003940110323089046 0.00423728813559322
0 0.2293144208037825 0.7955508474576272 0.004728132387706856 0.006355932203389831
0 0.2040977147360126 0.8050847457627118 0.0031520882584712374 0.00423728813559322
0 0.18045705279747834 0.8109110169491526 0.004728132387706856 0.005296610169491525
0 0.1520882584712372 0.8225635593220338 0.006304176516942475 0.005296610169491525
0 0.12647754137115838 0.8278601694915254 0.003940110323089046 0.0031779661016949155
0 0.09298660362490149 0.8411016949152542 0.006304176516942475 0.00423728813559322