0 0.26205533596837943 0.11902231668437832 0.0023715415019762848 0.004250797024442083
0 0.22806324110671936 0.13868225292242295 0.0023715415019762848 0.003188097768331562
0 0.26324110671936757 0.17003188097768332 0.0031620553359683794 0.004250797024442083
0 0.316600790513834 0.22794899043570668 0.0023715415019762848 0.003188097768331562
0 0.632806324110672 0.3283740701381509 0.0023715415019762848 0.004250797024442083
0 0.32252964426877473 0.346971307120085 0.0047430830039525695 0.005313496280552604
0 0.43399209486166007 0.4022316684378321 0.0031620553359683794 0.003188097768331562
0 0.5193675889328063 0.5414452709883103 0.0031620553359683794 0.005313496280552604
0 0.5482213438735178 0.5823591923485654 0.003952569169960474 0.004250797024442083
0 0.7162055335968379 0.6131774707757705 0.0031620553359683794 0.004250797024442083
0 0.6640316205533597 0.722635494155154 0.0031620553359683794 0.004250797024442083
0 0.6545454545454545 0.742826780021254 0.0031620553359683794 0.004250797024442083