0 0.84251968503937 0.3711558854718982 0.0015748031496062992 0.0042417815482502655
0 0.905511811023622 0.4374337221633086 0.0031496062992125984 0.003181336161187699
0 0.8913385826771654 0.46447507953340406 0.0031496062992125984 0.006362672322375398
0 0.8799212598425197 0.4931071049840933 0.002362204724409449 0.0042417815482502655
0 0.8669291338582678 0.5249204665959704 0.0031496062992125984 0.0042417815482502655
0 0.8555118110236221 0.5519618239660657 0.003937007874015748 0.005302226935312832
0 0.8303149606299213 0.602863202545069 0.003937007874015748 0.005302226935312832
0 0.8031496062992126 0.6590668080593849 0.0031496062992125984 0.005302226935312832
0 0.7779527559055118 0.7163308589607635 0.0031496062992125984 0.005302226935312832
0 0.7409448818897638 0.8032873806998939 0.004724409448818898 0.005302226935312832
0 0.7141732283464567 0.8632025450689289 0.0031496062992125984 0.006362672322375398