0 0.8440944881889764 0.22428419936373276 0.0031496062992125984 0.005302226935312832
0 0.20078740157480315 0.40402969247083775 0.0031496062992125984 0.0042417815482502655
0 0.39133858267716537 0.41410392364793214 0.004724409448818898 0.007423117709437964
0 0.4653543307086614 0.4284199363732768 0.0031496062992125984 0.008483563096500531
0 0.75 0.47720042417815484 0.003937007874015748 0.008483563096500531
0 0.17874015748031497 0.4909862142099682 0.004724409448818898 0.0042417815482502655
0 0.10748031496062992 0.5779427359490986 0.003937007874015748 0.008483563096500531
0 0.10433070866141732 0.5896076352067868 0.003937007874015748 0.008483563096500531
0 0.18110236220472442 0.6903499469777307 0.0031496062992125984 0.006362672322375398
0 0.25078740157480317 0.777306468716861 0.003937007874015748 0.006362672322375398
0 0.11653543307086614 0.8637327677624602 0.0031496062992125984 0.005302226935312832
0 0.20354330708661417 0.8695652173913043 0.003937007874015748 0.006362672322375398
0 0.19960629921259843 0.8822905620360552 0.003937007874015748 0.0042417815482502655
0 0.15708661417322833 0.9093319194061505 0.003937007874015748 0.003181336161187699
0 0.16023622047244093 0.9178154825026511 0.003937007874015748 0.005302226935312832