0 0.13947990543735225 0.26617179215270415 0.0031520882584712374 0.0042417815482502655
0 0.46296296296296297 0.2682926829268293 0.003940110323089046 0.006362672322375398
0 0.28289992119779356 0.3170731707317073 0.0031520882584712374 0.0042417815482502655
0 0.3821907013396375 0.35365853658536583 0.0031520882584712374 0.005302226935312832
0 0.05161544523246651 0.3621420996818664 0.003940110323089046 0.005302226935312832
0 0.11229314420803782 0.44220572640509015 0.003940110323089046 0.006362672322375398
0 0.0760441292356186 0.46712619300106045 0.005516154452324665 0.007423117709437964
0 0.8967691095350669 0.47985153764581123 0.0031520882584712374 0.005302226935312832
0 0.264381402679275 0.5063626723223754 0.003940110323089046 0.005302226935312832
0 0.3262411347517731 0.5196182396606575 0.0031520882584712374 0.0042417815482502655
0 0.8286052009456265 0.6765641569459173 0.002364066193853428 0.0042417815482502655
0 0.6040189125295509 0.7454931071049841 0.003940110323089046 0.008483563096500531
0 0.5043341213553979 0.778897136797455 0.0031520882584712374 0.003181336161187699