0 0.17665615141955837 0.20137420718816068 0.0031545741324921135 0.003171247357293869
0 0.5563880126182965 0.20507399577167018 0.003943217665615142 0.004228329809725159
0 0.0804416403785489 0.2938689217758985 0.0031545741324921135 0.004228329809725159
0 0.598186119873817 0.3044397463002114 0.005520504731861199 0.008456659619450317
0 0.05638801261829653 0.32082452431289643 0.002365930599369085 0.003171247357293869
0 0.5141955835962145 0.5184989429175476 0.00473186119873817 0.005285412262156448
0 0.3063880126182965 0.5269556025369979 0.003943217665615142 0.005285412262156448
0 0.5070977917981072 0.53276955602537 0.0031545741324921135 0.004228329809725159
0 0.5027602523659306 0.5465116279069767 0.003943217665615142 0.006342494714587738
0 0.37066246056782337 0.5496828752642706 0.0031545741324921135 0.004228329809725159
0 0.2306782334384858 0.06871035940803383 0.003943217665615142 0.004228329809725159