0 0.6095350669818755 0.46613756613756613 0.005516154452324665 0.007407407407407408
0 0.6426319936958235 0.5216931216931217 0.0070921985815602835 0.010582010582010581
0 0.6426319936958235 0.5761904761904761 0.005516154452324665 0.007407407407407408
0 0.6520882584712372 0.6555555555555556 0.005516154452324665 0.009523809523809525
0 0.7241922773837668 0.6619047619047619 0.006304176516942475 0.009523809523809525
0 0.6331757289204097 0.6708994708994709 0.0070921985815602835 0.012698412698412698
0 0.6245074862096138 0.6735449735449736 0.003940110323089046 0.005291005291005291
0 0.75177304964539 0.07037037037037037 0.004728132387706856 0.005291005291005291
0 0.6745468873128447 0.7814814814814814 0.004728132387706856 0.009523809523809525
0 0.6639085894405043 0.8285714285714286 0.005516154452324665 0.008465608465608466
0 0.6903073286052009 0.855026455026455 0.004728132387706856 0.008465608465608466
0 0.7533490937746257 0.09312169312169312 0.004728132387706856 0.006349206349206349