0 0.41009463722397477 0.4046610169491525 0.0031545741324921135 0.00423728813559322
0 0.06545741324921135 0.4608050847457627 0.0031545741324921135 0.00423728813559322
0 0.13170347003154576 0.4878177966101695 0.0031545741324921135 0.0031779661016949155
0 0.21569400630914826 0.520656779661017 0.002365930599369085 0.0031779661016949155
0 0.3753943217665615 0.527542372881356 0.0031545741324921135 0.00423728813559322
0 0.38485804416403785 0.548728813559322 0.0031545741324921135 0.00423728813559322
0 0.3395110410094637 0.5603813559322034 0.002365930599369085 0.00211864406779661
0 0.26458990536277605 0.5640889830508474 0.003943217665615142 0.005296610169491525
0 0.2358044164037855 0.6122881355932204 0.0031545741324921135 0.00423728813559322
0 0.06427444794952682 0.6626059322033898 0.002365930599369085 0.0031779661016949155
0 0.04337539432176656 0.7277542372881356 0.0031545741324921135 0.00423728813559322
0 0.13130914826498422 0.7876059322033898 0.003943217665615142 0.005296610169491525
0 0.24014195583596215 0.7981991525423728 0.002365930599369085 0.0031779661016949155