0 0.7215485074626866 0.15354330708661418 0.002798507462686567 0.003374578177727784
0 0.8647388059701493 0.1889763779527559 0.0037313432835820895 0.0044994375703037125
0 0.2989738805970149 0.23509561304836896 0.002798507462686567 0.0044994375703037125
0 0.867070895522388 0.02530933633295838 0.0046641791044776115 0.00562429696287964
0 0.41277985074626866 0.2542182227221597 0.002798507462686567 0.0044994375703037125
0 0.9001865671641791 0.30708661417322836 0.0037313432835820895 0.0044994375703037125
0 0.22201492537313433 0.33070866141732286 0.0018656716417910447 0.0022497187851518562
0 0.20242537313432835 0.43194600674915634 0.0037313432835820895 0.0044994375703037125
0 0.710820895522388 0.4735658042744657 0.0037313432835820895 0.0044994375703037125
0 0.2490671641791045 0.532058492688414 0.0037313432835820895 0.0044994375703037125
0 0.10960820895522388 0.7289088863892014 0.0046641791044776115 0.0044994375703037125