0 0.5547184773988898 0.16932059447983014 0.0023790642347343376 0.0031847133757961785
0 0.6586042823156225 0.1916135881104034 0.0023790642347343376 0.0031847133757961785
0 0.5654242664551943 0.19904458598726116 0.0031720856463124504 0.0031847133757961785
0 0.49762093576526567 0.37738853503184716 0.0023790642347343376 0.0031847133757961785
0 0.48691514670896113 0.428343949044586 0.0031720856463124504 0.0031847133757961785
0 0.5301348136399683 0.47770700636942676 0.0023790642347343376 0.004246284501061571
0 0.6225218080888184 0.5700636942675159 0.0031720856463124504 0.004246284501061571
0 0.8739095955590801 0.576963906581741 0.0031720856463124504 0.005307855626326964
0 0.6574147501982553 0.5923566878980892 0.0031720856463124504 0.004246284501061571
0 0.7922283901665345 0.6104033970276008 0.0031720856463124504 0.004246284501061571
0 0.9191118160190325 0.6985138004246284 0.0031720856463124504 0.004246284501061571