0 0.778740157480315 0.11164021164021164 0.004724409448818898 0.007407407407407408
0 0.5885826771653543 0.12645502645502646 0.007086614173228346 0.007407407407407408
0 0.6763779527559055 0.28253968253968254 0.0031496062992125984 0.004232804232804233
0 0.6114173228346457 0.526984126984127 0.003937007874015748 0.004232804232804233
0 0.3653543307086614 0.546031746031746 0.0031496062992125984 0.004232804232804233
0 0.38110236220472443 0.562962962962963 0.0031496062992125984 0.004232804232804233
0 0.5767716535433071 0.6079365079365079 0.002362204724409449 0.005291005291005291
0 0.5724409448818898 0.6507936507936508 0.0031496062992125984 0.004232804232804233
0 0.4094488188976378 0.7206349206349206 0.0031496062992125984 0.004232804232804233
0 0.31929133858267716 0.7391534391534391 0.002362204724409449 0.0031746031746031746
0 0.3425196850393701 0.8206349206349206 0.0031496062992125984 0.005291005291005291
0 0.47401574803149604 0.8328042328042328 0.0031496062992125984 0.004232804232804233
0 0.34409448818897637 0.8915343915343915 0.0031496062992125984 0.0031746031746031746
0 0.3437007874015748 0.9111111111111111 0.002362204724409449 0.004232804232804233
0 0.4401574803149606 0.9185185185185185 0.0031496062992125984 0.004232804232804233
0 0.3964566929133858 0.944973544973545 0.002362204724409449 0.0021164021164021165