0 0.6536643026004728 0.2761904761904762 0.003940110323089046 0.006349206349206349
0 0.6189913317572892 0.37195767195767193 0.002364066193853428 0.0031746031746031746
0 0.6126871552403468 0.38571428571428573 0.002364066193853428 0.0031746031746031746
0 0.599290780141844 0.5126984126984127 0.002364066193853428 0.0031746031746031746
0 0.6513002364066194 0.665079365079365 0.002364066193853428 0.0031746031746031746
0 0.5074862096138691 0.7058201058201058 0.0031520882584712374 0.004232804232804233
0 0.43656422379826637 0.726984126984127 0.0031520882584712374 0.004232804232804233
0 0.43498817966903075 0.737037037037037 0.0031520882584712374 0.005291005291005291
0 0.45271867612293143 0.7486772486772487 0.003940110323089046 0.005291005291005291
0 0.3873128447596533 0.8328042328042328 0.003940110323089046 0.004232804232804233
0 0.34318360914105595 0.8894179894179894 0.003940110323089046 0.005291005291005291