0 0.537007874015748 0.24074074074074073 0.0031496062992125984 0.005291005291005291
0 0.8200787401574803 0.26402116402116405 0.003937007874015748 0.005291005291005291
0 0.7279527559055118 0.28359788359788357 0.002362204724409449 0.004232804232804233
0 0.4641732283464567 0.2957671957671958 0.002362204724409449 0.0031746031746031746
0 0.8633858267716535 0.30052910052910053 0.002362204724409449 0.004232804232804233
0 0.7562992125984253 0.31375661375661373 0.003937007874015748 0.005291005291005291
0 0.434251968503937 0.3925925925925926 0.003937007874015748 0.004232804232804233
0 0.5200787401574803 0.4275132275132275 0.002362204724409449 0.004232804232804233
0 0.378740157480315 0.44391534391534393 0.0031496062992125984 0.005291005291005291
0 0.7456692913385827 0.4587301587301587 0.0031496062992125984 0.005291005291005291
0 0.6291338582677165 0.49576719576719575 0.004724409448818898 0.005291005291005291