0 0.60655090765588 0.12513255567338283 0.0023677979479084454 0.0042417815482502655
0 0.5572217837411207 0.24284199363732767 0.0015785319652722968 0.0021208907741251328
0 0.5047355958958168 0.295864262990456 0.0023677979479084454 0.0042417815482502655
0 0.5548539857932123 0.33244962884411455 0.0031570639305445935 0.003181336161187699
0 0.8591160220994475 0.34146341463414637 0.0023677979479084454 0.0042417815482502655
0 0.6787687450670876 0.35365853658536583 0.0031570639305445935 0.003181336161187699
0 0.4052880820836622 0.5058324496288441 0.0023677979479084454 0.0042417815482502655
0 0.670481452249408 0.05726405090137858 0.003946329913180742 0.0042417815482502655
0 0.4877663772691397 0.5896076352067868 0.0031570639305445935 0.0021208907741251328
0 0.5240726124704025 0.6511134676564156 0.004735595895816891 0.0042417815482502655
0 0.4644830307813733 0.6553552492046659 0.0023677979479084454 0.0042417815482502655
0 0.3666140489344909 0.7131495227995758 0.0023677979479084454 0.003181336161187699
0 0.1053670086819258 0.7142099681866384 0.0023677979479084454 0.003181336161187699
0 0.050513022888713496 0.7221633085896076 0.0031570639305445935 0.0042417815482502655
0 0.3307024467245462 0.7497348886532343 0.0031570639305445935 0.0042417815482502655
0 0.22888713496448304 0.7926829268292683 0.0031570639305445935 0.003181336161187699