0 0.8521739130434782 0.1784957627118644 0.0031620553359683794 0.005296610169491525
0 0.6964426877470355 0.1917372881355932 0.0031620553359683794 0.00423728813559322
0 0.7723320158102767 0.1996822033898305 0.0031620553359683794 0.005296610169491525
0 0.5549407114624506 0.2828389830508475 0.0031620553359683794 0.00423728813559322
0 0.5810276679841897 0.2992584745762712 0.0031620553359683794 0.005296610169491525
0 0.6387351778656126 0.305614406779661 0.0031620553359683794 0.005296610169491525
0 0.532806324110672 0.3225635593220339 0.0031620553359683794 0.0031779661016949155
0 0.6047430830039525 0.3787076271186441 0.0031620553359683794 0.005296610169491525
0 0.4984189723320158 0.3977754237288136 0.003952569169960474 0.005296610169491525
0 0.6490118577075099 0.4242584745762712 0.0031620553359683794 0.005296610169491525
0 0.5687747035573123 0.5444915254237288 0.0023715415019762848 0.00423728813559322
0 0.700395256916996 0.5524364406779662 0.0031620553359683794 0.005296610169491525
0 0.5055335968379446 0.6340042372881356 0.0023715415019762848 0.0031779661016949155
0 0.5229249011857707 0.6435381355932204 0.0023715415019762848 0.0031779661016949155
0 0.47193675889328063 0.65625 0.0031620553359683794 0.0031779661016949155
0 0.5118577075098815 0.6626059322033898 0.0023715415019762848 0.0031779661016949155