0 0.3416075650118203 0.1349206349206349 0.002364066193853428 0.005291005291005291
0 0.6914893617021277 0.1380952380952381 0.002364066193853428 0.0031746031746031746
0 0.16627265563435775 0.1439153439153439 0.0031520882584712374 0.004232804232804233
0 0.5429472025216706 0.17037037037037037 0.0031520882584712374 0.004232804232804233
0 0.43341213553979513 0.2021164021164021 0.0031520882584712374 0.004232804232804233
0 0.7332545311268716 0.24761904761904763 0.002364066193853428 0.004232804232804233
0 0.6666666666666666 0.2582010582010582 0.0031520882584712374 0.004232804232804233
0 0.062253743104806934 0.2613756613756614 0.0031520882584712374 0.004232804232804233
0 0.10126083530338849 0.2661375661375661 0.003940110323089046 0.005291005291005291
0 0.17178881008668243 0.2761904761904762 0.004728132387706856 0.006349206349206349
0 0.41134751773049644 0.3111111111111111 0.0031520882584712374 0.004232804232804233
0 0.44680851063829785 0.3306878306878307 0.0031520882584712374 0.005291005291005291
0 0.6686367218282112 0.33915343915343915 0.002364066193853428 0.0031746031746031746
0 0.8006304176516943 0.37566137566137564 0.004728132387706856 0.006349206349206349
0 0.6698187549251379 0.37777777777777777 0.0031520882584712374 0.004232804232804233
0 0.30023640661938533 0.38465608465608464 0.0031520882584712374 0.005291005291005291
0 0.6012608353033885 0.44232804232804235 0.0031520882584712374 0.004232804232804233
0 0.49487785657998423 0.464021164021164 0.0031520882584712374 0.005291005291005291
0 0.6201733648542159 0.4740740740740741 0.0031520882584712374 0.004232804232804233
0 0.7537431048069346 0.49153439153439155 0.003940110323089046 0.005291005291005291
0 0.6111111111111112 0.08306878306878307 0.002364066193853428 0.0031746031746031746