0 0.6103230890464934 0.13915343915343914 0.002364066193853428 0.0031746031746031746
0 0.5776201733648542 0.2 0.0031520882584712374 0.004232804232804233
0 0.6843971631205674 0.3693121693121693 0.002364066193853428 0.004232804232804233
0 0.8656422379826635 0.44232804232804235 0.002364066193853428 0.004232804232804233
0 0.6615445232466509 0.546031746031746 0.002364066193853428 0.004232804232804233
0 0.7269503546099291 0.5978835978835979 0.002364066193853428 0.004232804232804233
0 0.5074862096138691 0.7455026455026456 0.0031520882584712374 0.005291005291005291
0 0.52876280535855 0.7534391534391535 0.0031520882584712374 0.004232804232804233
0 0.946414499605989 0.7756613756613756 0.0031520882584712374 0.004232804232804233
0 0.46335697399527187 0.8121693121693122 0.0031520882584712374 0.005291005291005291
0 0.48857368006304175 0.8671957671957672 0.0031520882584712374 0.0031746031746031746