0 0.7079715864246251 0.2009544008483563 0.0031570639305445935 0.003181336161187699
0 0.7107340173638517 0.4241781548250265 0.007103393843725336 0.008483563096500531
0 0.9088397790055248 0.5307529162248145 0.007103393843725336 0.007423117709437964
0 0.7162588792423047 0.5498409331919406 0.0055248618784530384 0.007423117709437964
0 0.7809786898184689 0.08112407211028633 0.003946329913180742 0.005302226935312832
0 0.6053670086819258 0.8080593849416755 0.006314127861089187 0.008483563096500531
0 0.6037884767166535 0.8313891834570519 0.006314127861089187 0.010604453870625663
0 0.6665351223362274 0.8478260869565217 0.0055248618784530384 0.007423117709437964
0 0.5805051302288872 0.8897136797454931 0.007103393843725336 0.008483563096500531
0 0.8930544593528019 0.9209968186638389 0.007103393843725336 0.007423117709437964
0 0.5765588003157064 0.9310710498409331 0.008681925808997633 0.010604453870625663
0 0.563930544593528 0.9602332979851538 0.008681925808997633 0.009544008483563097
0 0.7817679558011049 0.09915164369034994 0.0055248618784530384 0.005302226935312832