0 0.5374015748031497 0.2560846560846561 0.002362204724409449 0.004232804232804233
0 0.4440944881889764 0.2798941798941799 0.0031496062992125984 0.0031746031746031746
0 0.3283464566929134 0.30793650793650795 0.004724409448818898 0.006349206349206349
0 0.5468503937007874 0.326984126984127 0.002362204724409449 0.004232804232804233
0 0.234251968503937 0.3693121693121693 0.002362204724409449 0.004232804232804233
0 0.8751968503937008 0.38042328042328044 0.002362204724409449 0.0031746031746031746
0 0.7889763779527559 0.4656084656084656 0.0031496062992125984 0.004232804232804233
0 0.494488188976378 0.47619047619047616 0.0031496062992125984 0.004232804232804233
0 0.18779527559055118 0.5206349206349207 0.002362204724409449 0.004232804232804233
0 0.8496062992125984 0.5386243386243387 0.0031496062992125984 0.004232804232804233
0 0.19055118110236222 0.58994708994709 0.0031496062992125984 0.005291005291005291