0 0.7509881422924901 0.13877118644067796 0.0047430830039525695 0.006355932203389831
0 0.81699604743083 0.22139830508474576 0.0023715415019762848 0.00423728813559322
0 0.6 0.3114406779661017 0.0031620553359683794 0.00423728813559322
0 0.4553359683794466 0.3268008474576271 0.0031620553359683794 0.005296610169491525
0 0.6774703557312253 0.3712923728813559 0.0047430830039525695 0.005296610169491525
0 0.06482213438735178 0.4533898305084746 0.0031620553359683794 0.00423728813559322
0 0.6596837944664031 0.4872881355932203 0.003952569169960474 0.00423728813559322
0 0.3138339920948617 0.5413135593220338 0.0031620553359683794 0.00423728813559322
0 0.6142292490118577 0.551906779661017 0.0031620553359683794 0.00423728813559322
0 0.4956521739130435 0.583156779661017 0.0031620553359683794 0.005296610169491525
0 0.533201581027668 0.5889830508474576 0.0023715415019762848 0.00423728813559322
0 0.6687747035573123 0.6223516949152542 0.0031620553359683794 0.005296610169491525
0 0.43715415019762843 0.6382415254237288 0.0031620553359683794 0.005296610169491525
0 0.07944664031620553 0.659427966101695 0.0023715415019762848 0.0031779661016949155
0 0.39802371541501974 0.6615466101694916 0.0023715415019762848 0.005296610169491525
0 0.41699604743083 0.676906779661017 0.0023715415019762848 0.00423728813559322
0 0.5225296442687747 0.6822033898305084 0.0031620553359683794 0.00423728813559322
0 0.33043478260869563 0.6832627118644068 0.0031620553359683794 0.00423728813559322
0 0.17628458498023716 0.7129237288135594 0.0031620553359683794 0.00423728813559322
0 0.3130434782608696 0.7161016949152542 0.0047430830039525695 0.006355932203389831
0 0.3521739130434783 0.7415254237288136 0.0023715415019762848 0.00423728813559322
0 0.45849802371541504 0.7515889830508474 0.0031620553359683794 0.0031779661016949155
0 0.14980237154150197 0.7833686440677966 0.003952569169960474 0.005296610169491525
0 0.18498023715415018 0.7981991525423728 0.0047430830039525695 0.005296610169491525