0 0.35201262825572216 0.2026595744680851 0.0031570639305445935 0.007446808510638298
0 0.20363062352012629 0.2925531914893617 0.0031570639305445935 0.00425531914893617
0 0.0931333859510655 0.6058510638297873 0.0031570639305445935 0.0031914893617021275
0 0.234017363851618 0.6281914893617021 0.0023677979479084454 0.0031914893617021275
0 0.430939226519337 0.6595744680851063 0.0031570639305445935 0.00425531914893617
0 0.40173638516179955 0.674468085106383 0.0031570639305445935 0.00425531914893617
0 0.5939226519337016 0.6771276595744681 0.0023677979479084454 0.0031914893617021275
0 0.5086819258089976 0.701063829787234 0.0023677979479084454 0.002127659574468085
0 0.356353591160221 0.7085106382978723 0.0023677979479084454 0.00425531914893617
0 0.1621941594317285 0.7590425531914894 0.0023677979479084454 0.0031914893617021275
0 0.5142067876874507 0.7882978723404256 0.0023677979479084454 0.00425531914893617
0 0.606156274664562 0.85 0.0031570639305445935 0.00425531914893617
0 0.6929755327545383 0.9037234042553192 0.0015785319652722968 0.0031914893617021275
0 0.6262825572217837 0.9446808510638298 0.0023677979479084454 0.002127659574468085
0 0.6562746645619574 0.9968085106382979 0.0023677979479084454 0.002127659574468085