0 0.6124067164179104 0.31158605174353204 0.002798507462686567 0.0044994375703037125
0 0.5527052238805971 0.3779527559055118 0.002798507462686567 0.0044994375703037125
0 0.5172574626865671 0.4246344206974128 0.002798507462686567 0.003374578177727784
0 0.4183768656716418 0.5731158605174353 0.002798507462686567 0.003374578177727784
0 0.30923507462686567 0.5764904386951631 0.002798507462686567 0.003374578177727784
0 0.2574626865671642 0.640607424071991 0.0037313432835820895 0.003374578177727784
0 0.30130597014925375 0.6985376827896513 0.0037313432835820895 0.0044994375703037125
0 0.3376865671641791 0.7294713160854893 0.0037313432835820895 0.00562429696287964
0 0.24673507462686567 0.8127109111361079 0.002798507462686567 0.003374578177727784
0 0.19916044776119404 0.8250843644544432 0.002798507462686567 0.003374578177727784
0 0.4337686567164179 0.9246344206974129 0.0037313432835820895 0.0044994375703037125
0 0.6422574626865671 0.9887514060742407 0.002798507462686567 0.0044994375703037125