0 0.4510655090765588 0.6489925768822906 0.0023677979479084454 0.0042417815482502655
0 0.4112075769534333 0.6505832449628844 0.0031570639305445935 0.003181336161187699
0 0.01578531965272297 0.6521739130434783 0.0015785319652722968 0.0021208907741251328
0 0.05011838989739542 0.6542948038176034 0.0023677979479084454 0.0021208907741251328
0 0.35872138910812945 0.7237539766702015 0.0023677979479084454 0.003181336161187699
0 0.3287292817679558 0.7460233297985154 0.0023677979479084454 0.003181336161187699
0 0.20718232044198895 0.7513255567338282 0.0023677979479084454 0.003181336161187699
0 0.10773480662983426 0.7529162248144221 0.0023677979479084454 0.0042417815482502655
0 0.13338595106550907 0.7529162248144221 0.0015785319652722968 0.0021208907741251328
0 0.055248618784530384 0.7635206786850477 0.0031570639305445935 0.0042417815482502655
0 0.297947908445146 0.778897136797455 0.0023677979479084454 0.003181336161187699