0 0.7082018927444795 0.18234672304439747 0.00473186119873817 0.005285412262156448
0 0.5741324921135647 0.2843551797040169 0.00473186119873817 0.006342494714587738
0 0.361198738170347 0.32452431289640593 0.0031545741324921135 0.004228329809725159
0 0.4968454258675079 0.36522198731501054 0.0031545741324921135 0.005285412262156448
0 0.11356466876971609 0.4355179704016913 0.0031545741324921135 0.004228329809725159
0 0.7279179810725552 0.44714587737843553 0.0031545741324921135 0.004228329809725159
0 0.19400630914826497 0.4513742071881607 0.0031545741324921135 0.004228329809725159
0 0.514589905362776 0.5174418604651163 0.005520504731861199 0.007399577167019027
0 0.512223974763407 0.5359408033826638 0.005520504731861199 0.008456659619450317
0 0.3339905362776025 0.572938689217759 0.003943217665615142 0.004228329809725159
0 0.8643533123028391 0.0919661733615222 0.00473186119873817 0.004228329809725159
0 0.9148264984227129 0.10412262156448203 0.00473186119873817 0.005285412262156448