0 0.5351778656126482 0.012182203389830509 0.006324110671936759 0.005296610169491525
0 0.4280632411067194 0.1774364406779661 0.005533596837944664 0.009533898305084746
0 0.8173913043478261 0.225635593220339 0.007905138339920948 0.00847457627118644
0 0.6316205533596838 0.3516949152542373 0.0047430830039525695 0.01059322033898305
0 0.925296442687747 0.4719279661016949 0.0071146245059288534 0.007415254237288136
0 0.42450592885375493 0.048199152542372885 0.006324110671936759 0.009533898305084746
0 0.8197628458498024 0.5100635593220338 0.009486166007905139 0.009533898305084746
0 0.11897233201581027 0.5481991525423728 0.0071146245059288534 0.005296610169491525
0 0.7984189723320159 0.5497881355932204 0.007905138339920948 0.01059322033898305
0 0.7857707509881423 0.5561440677966102 0.0047430830039525695 0.01059322033898305
0 0.03359683794466403 0.7145127118644068 0.0071146245059288534 0.005296610169491525