0 0.9822834645669292 0.20943796394485684 0.002362204724409449 0.003181336161187699
0 0.8929133858267716 0.22216330858960764 0.0031496062992125984 0.003181336161187699
0 0.8881889763779528 0.24602332979851538 0.0031496062992125984 0.0042417815482502655
0 0.9251968503937008 0.28685047720042417 0.004724409448818898 0.005302226935312832
0 0.8917322834645669 0.4687168610816543 0.003937007874015748 0.0042417815482502655
0 0.7484251968503937 0.5174973488865323 0.003937007874015748 0.0042417815482502655
0 0.8543307086614174 0.5535524920466596 0.0031496062992125984 0.006362672322375398
0 0.8023622047244094 0.6617179215270413 0.0031496062992125984 0.0042417815482502655
0 0.7503937007874015 0.7757158006362672 0.0031496062992125984 0.005302226935312832
0 0.6133858267716535 0.9066808059384942 0.0031496062992125984 0.0042417815482502655
0 0.6078740157480315 0.9936373276776246 0.0031496062992125984 0.0042417815482502655