0 0.36918833727344363 0.3488865323435843 0.003940110323089046 0.0042417815482502655
0 0.36012608353033887 0.35418875927889715 0.004728132387706856 0.006362672322375398
0 0.4401103230890465 0.4766702014846235 0.002364066193853428 0.003181336161187699
0 0.6438140267927502 0.5710498409331919 0.0031520882584712374 0.003181336161187699
0 0.16272655634357763 0.5938494167550371 0.002364066193853428 0.0042417815482502655
0 0.6962174940898345 0.5991516436903499 0.002364066193853428 0.0042417815482502655
0 0.8888888888888888 0.6712619300106044 0.0031520882584712374 0.0042417815482502655
0 0.32308904649330183 0.7613997879109226 0.0031520882584712374 0.0042417815482502655
0 0.1875492513790386 0.8101802757158006 0.0031520882584712374 0.0042417815482502655
0 0.11662726556343578 0.8128313891834571 0.0031520882584712374 0.005302226935312832
0 0.1595744680851064 0.8377518557794273 0.003940110323089046 0.0042417815482502655