0 0.667910447761194 0.13948256467941508 0.0037313432835820895 0.0044994375703037125
0 0.6772388059701493 0.20359955005624297 0.0037313432835820895 0.0044994375703037125
0 0.25 0.2924634420697413 0.0037313432835820895 0.0044994375703037125
0 0.9701492537313433 0.33970753655793023 0.0037313432835820895 0.0044994375703037125
0 0.8432835820895522 0.3425196850393701 0.0037313432835820895 0.003374578177727784
0 0.5951492537313433 0.34701912260967377 0.0037313432835820895 0.00562429696287964
0 0.20755597014925373 0.37570303712035996 0.0046641791044776115 0.0044994375703037125
0 0.9207089552238806 0.38188976377952755 0.0037313432835820895 0.00562429696287964
0 0.7117537313432836 0.5118110236220472 0.0037313432835820895 0.0044994375703037125
0 0.26865671641791045 0.5359955005624297 0.0037313432835820895 0.003374578177727784
0 0.197294776119403 0.5613048368953881 0.002798507462686567 0.0044994375703037125
0 0.6110074626865671 0.6456692913385826 0.0037313432835820895 0.0044994375703037125
0 0.8810634328358209 0.6816647919010124 0.002798507462686567 0.0044994375703037125
0 0.5680970149253731 0.6962879640044994 0.0037313432835820895 0.0044994375703037125
0 0.7504664179104478 0.7069741282339708 0.002798507462686567 0.003374578177727784
0 0.6730410447761194 0.8003374578177728 0.002798507462686567 0.003374578177727784
0 0.7765858208955224 0.8532058492688414 0.002798507462686567 0.003374578177727784
0 0.625 0.8953880764904387 0.0037313432835820895 0.0044994375703037125
0 0.7243470149253731 0.9077615298087739 0.002798507462686567 0.0044994375703037125
0 0.8194962686567164 0.9280089988751407 0.002798507462686567 0.0044994375703037125
0 0.7374067164179104 0.9426321709786277 0.002798507462686567 0.0044994375703037125
0 0.6851679104477612 0.9763779527559056 0.002798507462686567 0.0044994375703037125
0 0.917910447761194 0.09786276715410573 0.0037313432835820895 0.0044994375703037125
0 0.6707089552238806 0.984251968503937 0.0037313432835820895 0.0044994375703037125
0 0.6254664179104478 0.9949381327334084 0.002798507462686567 0.003374578177727784
0 0.7817164179104478 0.10742407199100112 0.0037313432835820895 0.00562429696287964