0 0.49288537549407113 0.1875664187035069 0.005533596837944664 0.009564293304994687
0 0.43952569169960476 0.2683315621679065 0.0031620553359683794 0.005313496280552604
0 0.4893280632411067 0.37194473963868224 0.0031620553359683794 0.004250797024442083
0 0.5264822134387351 0.3846971307120085 0.0031620553359683794 0.006376195536663124
0 0.6743083003952569 0.4027630180658874 0.0031620553359683794 0.004250797024442083
0 0.858102766798419 0.5185972369819342 0.0023715415019762848 0.004250797024442083
0 0.5335968379446641 0.5419766206163655 0.0047430830039525695 0.010626992561105207
0 0.47470355731225294 0.5499468650371945 0.003952569169960474 0.005313496280552604
0 0.5924901185770751 0.6679064824654622 0.003952569169960474 0.005313496280552604
0 0.6268774703557313 0.7513283740701382 0.0031620553359683794 0.004250797024442083
0 0.6861660079051384 0.7895855472901169 0.0031620553359683794 0.004250797024442083
0 0.4727272727272727 0.10042507970244421 0.0047430830039525695 0.007438894792773645