0 0.49133858267716535 0.23753976670201485 0.0031496062992125984 0.0042417815482502655
0 0.22125984251968503 0.2767762460233298 0.0031496062992125984 0.0042417815482502655
0 0.22283464566929134 0.3213149522799576 0.0031496062992125984 0.0042417815482502655
0 0.5208661417322835 0.33351007423117707 0.003937007874015748 0.003181336161187699
0 0.30748031496062994 0.3669141039236479 0.003937007874015748 0.006362672322375398
0 0.4283464566929134 0.524390243902439 0.0031496062992125984 0.005302226935312832
0 0.5692913385826772 0.6219512195121951 0.0015748031496062992 0.003181336161187699
0 0.4799212598425197 0.7120890774125133 0.003937007874015748 0.005302226935312832
0 0.5535433070866141 0.7868504772004242 0.0031496062992125984 0.0042417815482502655
0 0.8078740157480315 0.8451749734888653 0.0031496062992125984 0.0042417815482502655
0 0.6724409448818898 0.8865323435843054 0.0031496062992125984 0.006362672322375398
0 0.7956692913385827 0.9056203605514316 0.002362204724409449 0.0042417815482502655