0 0.6217287866772403 0.24708377518557795 0.0031720856463124504 0.0042417815482502655
0 0.5329103885804917 0.47560975609756095 0.0031720856463124504 0.005302226935312832
0 0.5400475812846947 0.5053022269353128 0.0031720856463124504 0.005302226935312832
0 0.5467882632831086 0.5986214209968187 0.003965107057890563 0.005302226935312832
0 0.8195876288659794 0.6638388123011665 0.0023790642347343376 0.0042417815482502655
0 0.5285487708168121 0.7131495227995758 0.0023790642347343376 0.005302226935312832
0 0.4896907216494845 0.7248144220572641 0.003965107057890563 0.005302226935312832
0 0.9298176050753371 0.8112407211028632 0.0023790642347343376 0.0042417815482502655
0 0.7680412371134021 0.8244962884411453 0.0023790642347343376 0.003181336161187699
0 0.5166534496431404 0.8515376458112407 0.003965107057890563 0.0042417815482502655
0 0.7954004758128469 0.8732767762460233 0.0031720856463124504 0.005302226935312832
0 0.5154639175257731 0.8817603393425238 0.0031720856463124504 0.005302226935312832
0 0.5063441712926249 0.9697773064687168 0.003965107057890563 0.005302226935312832