0 0.9617809298660362 0.4899364406779661 0.003940110323089046 0.007415254237288136
0 0.7450748620961387 0.5979872881355932 0.003940110323089046 0.005296610169491525
0 0.7549251379038613 0.628707627118644 0.004728132387706856 0.007415254237288136
0 0.24901497241922774 0.6302966101694916 0.004728132387706856 0.006355932203389831
0 0.6576044129235619 0.673728813559322 0.005516154452324665 0.006355932203389831
0 0.5681639085894405 0.6811440677966102 0.004728132387706856 0.006355932203389831
0 0.43459416863672184 0.7182203389830508 0.005516154452324665 0.006355932203389831
0 0.38652482269503546 0.7319915254237288 0.003940110323089046 0.006355932203389831
0 0.31717888100866826 0.7457627118644068 0.005516154452324665 0.006355932203389831
0 0.16509062253743104 0.784957627118644 0.005516154452324665 0.006355932203389831
0 0.07565011820330969 0.809322033898305 0.004728132387706856 0.006355932203389831
0 0.1690307328605201 0.8199152542372882 0.003940110323089046 0.006355932203389831
0 0.10795902285263988 0.9475635593220338 0.0031520882584712374 0.005296610169491525