0 0.3640661938534279 0.14179894179894179 0.0031520882584712374 0.004232804232804233
0 0.235618597320725 0.1529100529100529 0.004728132387706856 0.005291005291005291
0 0.08628841607565012 0.18888888888888888 0.002364066193853428 0.0031746031746031746
0 0.13672182821118992 0.2037037037037037 0.002364066193853428 0.005291005291005291
0 0.10362490149724192 0.21428571428571427 0.002364066193853428 0.0031746031746031746
0 0.5634357762017337 0.25396825396825395 0.0031520882584712374 0.004232804232804233
0 0.4578408195429472 0.28359788359788357 0.006304176516942475 0.006349206349206349
0 0.6375098502758078 0.32486772486772486 0.0031520882584712374 0.004232804232804233
0 0.6899133175728921 0.33386243386243386 0.003940110323089046 0.005291005291005291
0 0.7123719464144996 0.33756613756613757 0.0031520882584712374 0.004232804232804233
0 0.7498029944838456 0.344973544973545 0.002364066193853428 0.004232804232804233
0 0.6962174940898345 0.4142857142857143 0.002364066193853428 0.005291005291005291
0 0.6891252955082743 0.4497354497354497 0.002364066193853428 0.004232804232804233
0 0.6099290780141844 0.4846560846560847 0.0031520882584712374 0.004232804232804233
0 0.5689519306540584 0.4978835978835979 0.0031520882584712374 0.0031746031746031746
0 0.3628841607565012 0.07301587301587302 0.002364066193853428 0.004232804232804233
0 0.13435776201733649 0.09470899470899471 0.003940110323089046 0.005291005291005291