0 0.8149606299212598 0.2021164021164021 0.0031496062992125984 0.004232804232804233
0 0.7594488188976378 0.3216931216931217 0.005511811023622047 0.006349206349206349
0 0.8374015748031496 0.35978835978835977 0.003937007874015748 0.004232804232804233
0 0.9031496062992126 0.4894179894179894 0.0031496062992125984 0.005291005291005291
0 0.8653543307086614 0.5354497354497354 0.0031496062992125984 0.004232804232804233
0 0.5283464566929134 0.5756613756613757 0.0031496062992125984 0.004232804232804233
0 0.4795275590551181 0.6074074074074074 0.0031496062992125984 0.004232804232804233
0 0.6188976377952756 0.6354497354497355 0.0031496062992125984 0.0031746031746031746
0 0.6381889763779528 0.6708994708994709 0.002362204724409449 0.004232804232804233
0 0.23700787401574802 0.7365079365079366 0.0031496062992125984 0.004232804232804233
0 0.5476377952755905 0.8587301587301587 0.003937007874015748 0.007407407407407408
0 0.36889763779527557 0.8994708994708994 0.003937007874015748 0.006349206349206349