0 0.6886345698500395 0.1956521739130435 0.0023677979479084454 0.003181336161187699
0 0.6949486977111287 0.4692470837751856 0.0023677979479084454 0.003181336161187699
0 0.9100236779794791 0.48939554612937436 0.0031570639305445935 0.005302226935312832
0 0.601026045777427 0.5180275715800636 0.0023677979479084454 0.003181336161187699
0 0.6795580110497238 0.6145281018027572 0.0031570639305445935 0.005302226935312832
0 0.6511444356748224 0.6664899257688229 0.0015785319652722968 0.003181336161187699
0 0.5276243093922652 0.7804878048780488 0.0023677979479084454 0.0042417815482502655
0 0.6179952644041041 0.799575821845175 0.0031570639305445935 0.0042417815482502655
0 0.5674822415153907 0.8006362672322376 0.0031570639305445935 0.0042417815482502655
0 0.6203630623520127 0.8133616118769883 0.0031570639305445935 0.0042417815482502655
0 0.5509076558800315 0.8430540827147401 0.0031570639305445935 0.0042417815482502655
0 0.754932912391476 0.8748674443266172 0.0023677979479084454 0.0042417815482502655
0 0.590765588003157 0.908271474019088 0.0023677979479084454 0.003181336161187699
0 0.4980268350434096 0.9384941675503712 0.0031570639305445935 0.0042417815482502655
0 0.5173638516179953 0.957051961823966 0.003946329913180742 0.003181336161187699