0 0.7456624605678234 0.81005291005291 0.007097791798107256 0.007407407407407408
0 0.7586750788643533 0.828042328042328 0.014195583596214511 0.015873015873015872
0 0.47358044164037855 0.843915343915344 0.005520504731861199 0.01164021164021164
0 0.7488170347003155 0.8481481481481481 0.01025236593059937 0.013756613756613757
0 0.4554416403785489 0.8492063492063492 0.013406940063091483 0.015873015873015872
0 0.7641955835962145 0.8523809523809524 0.00946372239747634 0.009523809523809525
0 0.45662460567823343 0.8671957671957672 0.011041009463722398 0.009523809523809525
0 0.7665615141955836 0.873015873015873 0.00946372239747634 0.014814814814814815
0 0.7535488958990536 0.8740740740740741 0.011829652996845425 0.014814814814814815
0 0.7598580441640379 0.8931216931216931 0.007097791798107256 0.010582010582010581
0 0.5887223974763407 0.9656084656084656 0.01025236593059937 0.009523809523809525
0 0.7610410094637224 0.9746031746031746 0.006309148264984227 0.010582010582010581