0 0.2565217391304348 0.1126461211477152 0.0023715415019762848 0.004250797024442083
0 0.2885375494071146 0.16684378320935175 0.0031620553359683794 0.004250797024442083
0 0.41383399209486166 0.20722635494155153 0.003952569169960474 0.004250797024442083
0 0.3256916996047431 0.281615302869288 0.0031620553359683794 0.004250797024442083
0 0.4043478260869565 0.3799149840595112 0.003952569169960474 0.005313496280552604
0 0.3233201581027668 0.04197662061636557 0.0031620553359683794 0.005313496280552604
0 0.4343873517786561 0.43251859723698194 0.0023715415019762848 0.004250797024442083
0 0.5557312252964427 0.4707757704569607 0.0031620553359683794 0.004250797024442083
0 0.21383399209486165 0.04994686503719448 0.003952569169960474 0.004250797024442083
0 0.5114624505928854 0.5047821466524973 0.0031620553359683794 0.004250797024442083
0 0.5454545454545454 0.5260361317747078 0.0031620553359683794 0.004250797024442083
0 0.508300395256917 0.5472901168969182 0.0031620553359683794 0.004250797024442083
0 0.7312252964426877 0.6705632306057385 0.0031620553359683794 0.004250797024442083
0 0.8758893280632412 0.8336875664187035 0.0031620553359683794 0.003188097768331562
0 0.3494071146245059 0.08607863974495218 0.0031620553359683794 0.004250797024442083