0 0.3268927444794953 0.541843220338983 0.002365930599369085 0.0031779661016949155
0 0.2831230283911672 0.5534957627118644 0.0031545741324921135 0.0031779661016949155
0 0.3864353312302839 0.5640889830508474 0.00946372239747634 0.013771186440677966
0 0.250788643533123 0.6652542372881356 0.0031545741324921135 0.00423728813559322
0 0.4029968454258675 0.6652542372881356 0.0031545741324921135 0.00423728813559322
0 0.18178233438485805 0.78125 0.002365930599369085 0.0031779661016949155
0 0.044558359621451105 0.8066737288135594 0.002365930599369085 0.0031779661016949155
0 0.0694006309148265 0.8140889830508474 0.0031545741324921135 0.0031779661016949155
0 0.2137223974763407 0.833156779661017 0.0031545741324921135 0.0031779661016949155
0 0.03470031545741325 0.888771186440678 0.0015772870662460567 0.00211864406779661
0 0.24250788643533122 0.9290254237288136 0.002365930599369085 0.00423728813559322
0 0.13130914826498422 0.9401483050847458 0.002365930599369085 0.0031779661016949155
0 0.15457413249211358 0.9560381355932204 0.0031545741324921135 0.005296610169491525