0 0.777518656716418 0.11361079865016872 0.002798507462686567 0.0044994375703037125
0 0.03917910447761194 0.1670416197975253 0.0037313432835820895 0.00562429696287964
0 0.0625 0.1766029246344207 0.0037313432835820895 0.0044994375703037125
0 0.7220149253731343 0.20359955005624297 0.0037313432835820895 0.0044994375703037125
0 0.43796641791044777 0.2435320584926884 0.0046641791044776115 0.00562429696287964
0 0.15858208955223882 0.344206974128234 0.0037313432835820895 0.0044994375703037125
0 0.5806902985074627 0.03655793025871766 0.0046641791044776115 0.00562429696287964
0 0.15391791044776118 0.40888638920134984 0.0037313432835820895 0.00562429696287964
0 0.5158582089552238 0.42913385826771655 0.005597014925373134 0.00562429696287964
0 0.2593283582089552 0.47581552305961755 0.0037313432835820895 0.0044994375703037125
0 0.08115671641791045 0.048368953880764905 0.0037313432835820895 0.0044994375703037125
0 0.05923507462686567 0.05343082114735658 0.0046641791044776115 0.00562429696287964
0 0.27098880597014924 0.5427446569178853 0.002798507462686567 0.003374578177727784
0 0.01958955223880597 0.5680539932508436 0.0037313432835820895 0.0044994375703037125
0 0.617070895522388 0.6361079865016873 0.002798507462686567 0.003374578177727784
0 0.3376865671641791 0.6586051743532059 0.0037313432835820895 0.003374578177727784
0 0.5718283582089553 0.6923509561304837 0.0037313432835820895 0.003374578177727784
0 0.5844216417910447 0.009561304836895388 0.0046641791044776115 0.00562429696287964
0 0.0228544776119403 0.10742407199100112 0.0046641791044776115 0.00562429696287964