0 0.6577287066246057 0.13877118644067796 0.0031545741324921135 0.00423728813559322
0 0.33280757097791797 0.19014830508474576 0.0031545741324921135 0.005296610169491525
0 0.2574921135646688 0.20603813559322035 0.002365930599369085 0.0031779661016949155
0 0.11435331230283911 0.2309322033898305 0.0031545741324921135 0.00423728813559322
0 0.13958990536277602 0.2341101694915254 0.0031545741324921135 0.00423728813559322
0 0.38958990536277605 0.02754237288135593 0.0031545741324921135 0.00423728813559322
0 0.5201104100946372 0.03283898305084746 0.002365930599369085 0.00423728813559322
0 0.43690851735015773 0.3532838983050847 0.00473186119873817 0.007415254237288136
0 0.5386435331230284 0.3538135593220339 0.0031545741324921135 0.00423728813559322
0 0.42862776025236593 0.3718220338983051 0.005520504731861199 0.00847457627118644
0 0.5465299684542587 0.07574152542372882 0.0031545741324921135 0.005296610169491525
0 0.3304416403785489 0.09745762711864407 0.0031545741324921135 0.00423728813559322