0 0.8690851735015773 0.011111111111111112 0.0031545741324921135 0.005291005291005291
0 0.8418769716088328 0.17142857142857143 0.003943217665615142 0.006349206349206349
0 0.8860410094637224 0.2566137566137566 0.003943217665615142 0.005291005291005291
0 0.8276813880126183 0.2677248677248677 0.003943217665615142 0.006349206349206349
0 0.88801261829653 0.3238095238095238 0.0031545741324921135 0.006349206349206349
0 0.8091482649842271 0.3296296296296296 0.006309148264984227 0.007407407407407408
0 0.8533123028391167 0.3566137566137566 0.006309148264984227 0.008465608465608466
0 0.8300473186119873 0.35978835978835977 0.003943217665615142 0.006349206349206349
0 0.930993690851735 0.41005291005291006 0.003943217665615142 0.007407407407407408
0 0.7200315457413249 0.656084656084656 0.0031545741324921135 0.004232804232804233
0 0.707018927444795 0.7174603174603175 0.003943217665615142 0.006349206349206349
0 0.832807570977918 0.816931216931217 0.0031545741324921135 0.004232804232804233
0 0.6411671924290221 0.9566137566137566 0.0031545741324921135 0.004232804232804233
0 0.6506309148264984 0.9777777777777777 0.0031545741324921135 0.006349206349206349