0 0.4343873517786561 0.15356004250797026 0.0023715415019762848 0.003188097768331562
0 0.3648221343873518 0.17056323060573858 0.0023715415019762848 0.003188097768331562
0 0.5339920948616601 0.22794899043570668 0.0023715415019762848 0.003188097768331562
0 0.3960474308300395 0.23007438894792773 0.0031620553359683794 0.003188097768331562
0 0.35098814229249015 0.3002125398512221 0.0031620553359683794 0.005313496280552604
0 0.46047430830039526 0.3257173219978746 0.0023715415019762848 0.003188097768331562
0 0.33517786561264823 0.35494155154091395 0.0031620553359683794 0.004250797024442083
0 0.41106719367588934 0.39213602550478216 0.0031620553359683794 0.004250797024442083
0 0.4241106719367589 0.4155154091392136 0.0023715415019762848 0.004250797024442083
0 0.5225296442687747 0.4197662061636557 0.0031620553359683794 0.004250797024442083
0 0.5632411067193676 0.48831030818278426 0.0023715415019762848 0.005313496280552604