0 0.32925867507886436 0.12420718816067654 0.003943217665615142 0.005285412262156448
0 0.1857255520504732 0.19027484143763213 0.003943217665615142 0.006342494714587738
0 0.2440851735015773 0.20031712473572938 0.002365930599369085 0.003171247357293869
0 0.250788643533123 0.25634249471458775 0.0031545741324921135 0.005285412262156448
0 0.5745268138801262 0.26374207188160675 0.003943217665615142 0.005285412262156448
0 0.305993690851735 0.3831923890063425 0.0031545741324921135 0.003171247357293869
0 0.6612776025236593 0.42389006342494717 0.003943217665615142 0.004228329809725159
0 0.5788643533123028 0.48520084566596194 0.00473186119873817 0.006342494714587738
0 0.6451104100946372 0.4941860465116279 0.0031545741324921135 0.005285412262156448
0 0.5153785488958991 0.514799154334038 0.003943217665615142 0.004228329809725159
0 0.5082807570977917 0.523784355179704 0.003943217665615142 0.005285412262156448
0 0.49802839116719244 0.540169133192389 0.003943217665615142 0.006342494714587738
0 0.6033123028391167 0.5533826638477801 0.0031545741324921135 0.005285412262156448
0 0.4629337539432177 0.09249471458773785 0.0031545741324921135 0.005285412262156448