0 0.658267716535433 0.24258474576271186 0.0031496062992125984 0.00423728813559322
0 0.65 0.2966101694915254 0.002362204724409449 0.00423728813559322
0 0.34921259842519686 0.3305084745762712 0.003937007874015748 0.00423728813559322
0 0.6114173228346457 0.3400423728813559 0.002362204724409449 0.00423728813559322
0 0.5283464566929134 0.3670550847457627 0.0031496062992125984 0.005296610169491525
0 0.35118110236220473 0.3723516949152542 0.0031496062992125984 0.005296610169491525
0 0.4799212598425197 0.4359110169491525 0.003937007874015748 0.0031779661016949155
0 0.3673228346456693 0.4406779661016949 0.002362204724409449 0.00423728813559322
0 0.8074803149606299 0.4671610169491525 0.003937007874015748 0.00423728813559322
0 0.34409448818897637 0.5079449152542372 0.0031496062992125984 0.005296610169491525
0 0.3248031496062992 0.5497881355932204 0.002362204724409449 0.00423728813559322
0 0.33070866141732286 0.5746822033898306 0.0031496062992125984 0.005296610169491525
0 0.9228346456692913 0.5842161016949152 0.0031496062992125984 0.005296610169491525
0 0.5551181102362205 0.586864406779661 0.0031496062992125984 0.00423728813559322
0 0.8275590551181102 0.6165254237288136 0.0031496062992125984 0.00423728813559322
0 0.4874015748031496 0.6949152542372882 0.0031496062992125984 0.00423728813559322
0 0.42362204724409447 0.701271186440678 0.0031496062992125984 0.00423728813559322
0 0.38110236220472443 0.753177966101695 0.0031496062992125984 0.00423728813559322
0 0.3960629921259842 0.7754237288135594 0.0031496062992125984 0.00423728813559322